3.9968028886505635e-15
3.9968028886505635e-15
4.884065258091152
4.440892098500626e-16
4.440892098500626e-16
3.9968028886505635e-15
4.440892098500626e-16
4.440892098500626e-16
10.25797437214942
4.440892098500626e-16
4.440892098500626e-16
4.440892098500626e-16
3.9968028886505635e-15
2.579927557029873
4.440892098500626e-16
4.440892098500626e-16
3.9968028886505635e-15
4.440892098500626e-16
4.440892098500626e-16
4.440892098500626e-16
4.440892098500626e-16
4.440892098500626e-16
4.440892098500626e-16
4.440892098500626e-16
3.270672621624726e-11
2.5799275570298694
1.276889705081885e-11
4.440892098500626e-16
4.440892098500626e-16
4.440892098500626e-16
