1.1551485027098285
1.155148502709832
1.6462236331031126
1.155148502709832
4.661553191127517
1.155148502709825
2.578742471243729
4.544636724715247
1.6462236331031161
1.155148502709825
4.3076653355456074e-14
1.4654943925052066e-14
2.0133152362557962
3.9968028886505635e-15
1.6462236331031126
7.549516567451064e-15
3.4026300093287074
3.9968028886505635e-15
1.6462236331031126
1.4654943925052066e-14
2.5787424712437255
2.314766487477091
1.1551485027098285
2.0133152362557962
5.091462611576535
7.549516567451064e-15
1.4654943925052066e-14
1.4654943925052066e-14
3.026594276648883
1.155148502709825
