8.825733347285777
9.296281569491246
6.923253560547883
13.714936359300172
2.2201127683052744
4.774771123929103
11.577458869416992
12.05336629187619
3.2222584304176505
7.684062050406817
3.5181535466028078
8.492508040375512
8.901685132755338
5.502971211776018
8.250558813329619
2.4077516987359044
3.461217821934906
11.887676506715028
3.093741251778074
6.398684046450324
6.902011025952376
2.220112768002356
8.264996233443327
5.924726402099939
8.366617260089033
7.7176407404949
10.581262319508866
7.73387609118673
10.07326378661707
3.8361249911457134
