0.09259910511879871
0.21713337488869422
0.15267800564088596
0.2743744201143501
0.10405309863880935
0.12610580416964146
0.21042028391587952
0.1461873102676831
0.1981319581002361
0.11979069213206645
0.08081698462300463
0.22150705952968425
0.26799472933719104
0.11141737015195208
0.24797128861539286
0.13940442308884377
0.08820310340786952
0.13615886061297622
0.22060687294660486
0.12120447831044628
0.12640656861689842
0.24327096905953227
0.18245622912912896
0.11183478554574033
0.6830956705170226
0.23047460829588617
0.10671098772223164
0.08703471483820802
0.11678438733903374
0.1732690069015017
