0.4836231989188306
0.6101552718483629
0.9764925984915265
0.32063953039017956
0.39029851710454677
0.6753888474778806
0.7125128121253862
0.5759551180449458
0.5790751146643398
0.3765439909501679
0.29303818305776597
0.4010782042839318
0.3071631934233711
0.21756992589495006
0.49071668946189667
0.4915167312580026
0.4250349863601811
0.32898349791598575
0.3733194926712866
0.44030406455111926
0.3947431467867646
0.36359804515093674
0.726081730076114
0.3406849713501972
0.5049852608823379
0.7136000903383569
0.5392206188109637
0.23390591957305884
0.5882521693090659
0.41617326984467456
