0.031792016423369374
0.0022599319916953853
0.024309691915350262
0.07785610725377712
0.07867716567747518
0.0048481311695428575
0.02230378851302417
0.010924606328954756
0.00025086271263530247
0.015161295920770868
0.039859741618827105
0.09201567519732923
0.035309814983084
0.012247165472880628
0.01947548653084641
0.046574364911248556
0.00820420161062907
0.0009893712255749643
0.0052868340956080395
0.13123369962482467
0.02440939642535722
0.13798056940758185
0.004659077487477958
0.020112889594410488
0.041374960921257586
0.07211823732856115
0.07422783101357378
0.000310918134078797
0.007538479661689745
0.010925999294721933
