-1.8013034100985534
-1.8013034100985532
-1.8013034100985534
-1.8013034100985534
-1.8013034100985534
-1.8013032999847907
-1.8013034100985537
-1.8013034100985534
-1.8013034100985534
-1.8013034100061343
-1.8013034100985537
-1.8013034100985532
-1.8013034100985537
-1.8013034100985534
-1.8013034100985534
-1.8013034100985537
-1.8013034100985532
-1.8013034100985534
-1.8013034100985534
-1.8013034100985537
-1.8013034100985534
-1.8013034100985534
-1.8013034100985534
-1.8013034100985534
-1.8013034100983023
-1.8013034100985532
-1.8013034100985534
-1.8013034100985534
-1.8013034100985534
-1.8013034100985534
