-8.849023969725577
-7.647849458473189
-8.571764267330707
-7.977681995309127
-8.348886971033517
-9.457824188845107
-8.267480883374004
-9.238715689346549
-9.618388904300419
-8.730575140281283
-9.285333451873832
-8.889238853145217
-8.13772427528151
-9.03644662947098
-8.253545895051868
-9.103637905545895
-9.25198779834627
-7.883167574219192
-8.848345286825008
-9.162890382325665
-9.262375354739463
-9.154702225017019
-8.821936151950219
-8.388412815103434
-9.12467149898846
-8.48634705903414
-8.90604483100145
-9.217131448241416
-9.0179026359108
-8.875339918224963
