-23.144369734853402
-24.727425106020018
-22.410103734448086
-24.37605594432092
-24.46462656021395
-22.664034742943823
-24.029892069299652
-24.438698745048058
-23.27774319565614
-24.698081597680353
-23.277133434389906
-24.94440545104683
-23.568831028984945
-25.084820174163035
-25.926853936975213
-25.15330328915003
-24.564728885719898
-23.436648299612443
-23.539748832447486
-24.1733389055589
-21.11967343930767
-23.690703187537512
-25.824484201724665
-25.394126011823136
-25.57936922707865
-25.658402104359347
-24.133914877800894
-22.578654374416796
-22.4157141224954
-23.687153906196063
