5.969754342559767
5.969749304740674
6.964713399653078
10.944544590207158
18.904181736781766
11.939503647300427
8.954626476020564
7.9596724567464605
8.954626476020579
16.90422151479372
8.954626476020564
14.927930042987896
17.358147996843982
4.974795285466456
7.962672390678506
3.979836228373202
5.969754342559753
5.969749304740702
15.919334837854507
6.964708361833971
13.945988238839732
3.9798362283731734
19.48054784477077
5.969749304740674
6.964708361833971
6.162416629086664
7.959667418927268
3.979836228373159
9.949585533113861
4.681603245815836
