54.722677565228594
40.31814849674333
54.03945064993749
107.5261349718451
45.97498940485099
36.03142134551621
34.84484721735464
73.62677833225732
45.76805612703717
66.6620903500309
49.74780634782411
72.6318091995281
75.61662559776238
67.01813398542868
43.92903579394971
41.81346794997188
58.70250371798002
65.05356539551815
68.68770513673226
40.7932860760925
24.994317469887676
95.51572096136312
46.36593916464375
60.4136775360231
53.72765773509357
49.7478671208645
47.757989400106766
36.81344476446412
48.752928260492126
52.73277460993637
