1.981801116607127e-24
3.475773656957782e-25
2.850707885792335e-26
5.065966125716185e-30
9.595753354914964e-29
3.4782325339341654e-23
5.026408227237715e-24
5.12109517703949e-25
3.9865791123471412
1.4250402474268256e-27
2.4039262236485774e-23
4.188687897305076e-22
3.9865791123472105
1.2529706761480926e-23
2.8280193833415634e-23
3.097639591448663e-21
9.47624092777398e-27
3.986579112347137
3.9865791127434553
4.588705278057473e-28
3.986579112347304
2.9099511111280298e-22
0.0
1.035617020441115e-20
3.986579112347144
3.986579112347212
1.070152422673298e-22
1.0361992697449834e-19
3.264438437782035e-21
993.8670644553663
