7.42937714443934e-10
1.5476208234572188e-21
5.538274069351623
162.54759568661996
993.867233888445
3.9866238543305204
1.7241862565751248e-08
162.54759568661646
2.943482197006183e-10
166.5725139791312
7.095873156483297e-11
1.1819195162711605e-08
3.9866238543037897
3.986623854319692
76.57129645030037
1.1483739927384104e-07
1.7686275228279735e-05
10006.221781420192
3.0026208291333466e-16
3.986802321631541
8.056146837075922e-06
1.4121973950866578e-19
1.597007662633894e-17
3.986623854312629
2.545813038664268e-16
0.018438204969544462
0.005235268584643569
119.18704641530488
12.04528305422363
0.4198049304080798
