101.19372324995028
4.761778968980275e-19
1.901871595570876e-33
1.1296026689802591e-29
1.5988419567098917e-26
1.350659781944897e-35
2.1098026589822518e-30
2.985287085700371e-37
1.4722632699475998e-25
7.405880562677465e-32
1.393278121179493e-29
1.595514221991685e-30
1.3725967595336996e-30
3.413410965052045e-34
102.78170307380405
1.3119681633197443e-30
105.39276338205097
2.0595086682106158e-27
200.09560235689648
1.0106105609067857e-29
4.848406097251991
1.1533434869711535e-26
102.43664828292087
1.7649713787736513e-35
203.59640613006513
1.1726058171962823e-32
4.018397621828077e-23
5.752322553447202e-21
2.3601631467113758e-28
110.51527079708396
