4.24041717227101e-170
1.4049836307717266e-184
8.004040870987136e-177
2.1887784065930594e-184
1.2082647854630899e-177
8.857806761420103e-83
1.4527663881404203e-183
2.840521100325198e-181
5.8139676237189135e-180
2.3276095062519958e-179
9.91743209804955e-178
6.808406583644723e-173
7.287208703152277e-178
1.4492177305881942e-183
1.5061020457464356e-172
2.0532116599334593e-187
9.271866419896167e-177
6.835961379451205e-185
7.653966732536062e-173
1.1617102915431616e-181
5.2995333215739596e-179
5.413261288172045e-177
1.3164247014482625e-176
4.82667252886321e-178
3.509775243604422e-180
1.6935216554921663e-176
2.2578336589113104e-182
8.537649616240028e-176
4.847306522660335e-182
5.3298747349740675e-179
